start=1472.466667
speed=1.464100
pause=yes
